[[6.4220e+03, 1.1800e+02, 1.2000e+02, 5.3000e+01, 2.9000e+01, 9.8000e+01, 1.3500e+02, 4.1400e+02, 3.8800e+02, 7.3600e+02, 2.0300e+02, 9.6400e+02, 7.5000e+01, 2.5000e+01, 1.8700e+02, 1.2800e+02, 3.4200e+02, 8.2000e+01, 2.0300e+02, 5.5000e+01, 0.0000e+00], [4.3000e+01, 2.0300e+02, 3.0000e+00, 1.2000e+01, 1.0000e+00, 0.0000e+00, 6.0000e+00, 1.5000e+01, 1.0000e+00, 0.0000e+00, 1.0000e+00, 6.0000e+00, 1.0000e+00, 0.0000e+00, 2.0000e+00, 1.2000e+01, 0.0000e+00, 6.0000e+00, 2.0000e+00, 0.0000e+00, 0.0000e+00], [1.6100e+02, 1.9000e+01, 1.1530e+03, 2.5000e+01, 1.6000e+01, 9.0000e+00, 1.0400e+02, 2.2500e+02, 9.0000e+00, 7.0000e+00, 1.0000e+01, 1.5000e+01, 5.0000e+00, 2.0000e+00, 2.1000e+01, 4.3000e+01, 1.5000e+01, 4.9000e+01, 2.2000e+01, 8.0000e+00, 0.0000e+00], [4.9000e+01, 3.8000e+01, 1.3000e+01, 2.3800e+02, 0.0000e+00, 1.0000e+00, 0.0000e+00, 4.0000e+00, 3.0000e+00, 0.0000e+00, 1.0000e+00, 6.0000e+00, 0.0000e+00, 0.0000e+00, 2.0000e+00, 7.0000e+00, 1.0000e+00, 2.0000e+00, 2.0000e+00, 0.0000e+00, 0.0000e+00], [1.0000e+00, 0.0000e+00, 0.0000e+00, 0.0000e+00, 1.2000e+02, 0.0000e+00, 5.0000e+00, 1.0000e+01, 5.0000e+00, 0.0000e+00, 0.0000e+00, 0.0000e+00, 0.0000e+00, 0.0000e+00, 0.0000e+00, 0.0000e+00, 0.0000e+00, 1.0000e+00, 1.0000e+00, 0.0000e+00, 0.0000e+00], [1.1000e+01, 0.0000e+00, 4.2000e+01, 0.0000e+00, 1.0000e+00, 1.6000e+02, 4.4000e+01, 2.0000e+01, 1.0000e+00, 1.0000e+00, 0.0000e+00, 0.0000e+00, 0.0000e+00, 0.0000e+00, 1.0000e+00, 1.0000e+00, 0.0000e+00, 0.0000e+00, 0.0000e+00, 1.0000e+00, 0.0000e+00], [3.0000e+00, 0.0000e+00, 0.0000e+00, 0.0000e+00, 2.0000e+00, 1.3000e+01, 1.6400e+02, 4.0000e+00, 0.0000e+00, 1.0000e+00, 0.0000e+00, 0.0000e+00, 0.0000e+00, 0.0000e+00, 1.0000e+00, 1.0000e+00, 1.0000e+00, 0.0000e+00, 0.0000e+00, 0.0000e+00, 0.0000e+00], [3.0000e+00, 4.0000e+00, 4.9000e+01, 1.0000e+00, 1.7000e+01, 0.0000e+00, 2.1000e+01, 2.8900e+02, 1.6000e+01, 1.0000e+00, 0.0000e+00, 0.0000e+00, 0.0000e+00, 1.0000e+00, 5.0000e+00, 5.0000e+00, 2.0000e+00, 0.0000e+00, 9.0000e+00, 1.0000e+00, 0.0000e+00], [1.8000e+01, 1.7000e+01, 1.1000e+01, 4.0000e+00, 2.5000e+01, 1.0000e+00, 9.0000e+00, 4.0000e+01, 2.3100e+02, 9.0000e+00, 1.0000e+01, 4.0000e+00, 3.2000e+01, 4.0000e+00, 3.0000e+00, 4.0000e+00, 1.0000e+00, 2.0000e+00, 0.0000e+00, 2.0000e+00, 0.0000e+00], [1.0000e+00, 2.0000e+00, 0.0000e+00, 0.0000e+00, 0.0000e+00, 0.0000e+00, 0.0000e+00, 0.0000e+00, 3.0000e+00, 1.8100e+02, 6.0000e+00, 0.0000e+00, 3.0000e+00, 3.0000e+00, 1.0000e+00, 0.0000e+00, 0.0000e+00, 0.0000e+00, 0.0000e+00, 2.0000e+00, 0.0000e+00], [1.0000e+00, 0.0000e+00, 0.0000e+00, 0.0000e+00, 0.0000e+00, 0.0000e+00, 0.0000e+00, 1.0000e+00, 2.0000e+00, 4.1000e+01, 1.2800e+02, 5.0000e+00, 5.0000e+00, 3.0000e+01, 0.0000e+00, 0.0000e+00, 3.0000e+00, 1.0000e+00, 1.0000e+00, 0.0000e+00, 0.0000e+00], [1.1000e+01, 0.0000e+00, 0.0000e+00, 0.0000e+00, 0.0000e+00, 0.0000e+00, 1.0000e+00, 2.0000e+00, 7.0000e+00, 0.0000e+00, 4.0000e+00, 1.3700e+02, 2.3000e+01, 8.2000e+01, 1.0000e+00, 3.0000e+00, 0.0000e+00, 0.0000e+00, 1.0000e+00, 0.0000e+00, 0.0000e+00], [1.0000e+00, 0.0000e+00, 0.0000e+00, 0.0000e+00, 0.0000e+00, 0.0000e+00, 0.0000e+00, 3.0000e+00, 1.2000e+01, 3.0000e+00, 2.2000e+01, 8.0000e+00, 2.3600e+02, 6.2000e+01, 1.0000e+00, 1.0000e+00, 3.0000e+00, 2.0000e+00, 0.0000e+00, 0.0000e+00, 0.0000e+00], [3.0000e+00, 1.0000e+00, 4.0000e+00, 0.0000e+00, 1.0000e+00, 0.0000e+00, 2.0000e+00, 6.0000e+00, 1.2000e+01, 0.0000e+00, 1.4000e+01, 4.5000e+01, 8.3000e+01, 1.9400e+02, 0.0000e+00, 3.0000e+00, 0.0000e+00, 3.0000e+00, 0.0000e+00, 1.0000e+00, 0.0000e+00], [6.5000e+01, 3.0000e+00, 4.0000e+00, 7.0000e+00, 0.0000e+00, 6.0000e+00, 1.9000e+01, 1.2000e+01, 1.7000e+01, 7.0000e+00, 6.0000e+00, 5.0000e+00, 0.0000e+00, 0.0000e+00, 7.1100e+02, 6.9000e+01, 7.0000e+00, 1.4000e+01, 5.6000e+01, 5.0000e+00, 0.0000e+00], [2.0700e+02, 2.2000e+01, 3.1000e+01, 1.0000e+01, 9.0000e+00, 1.0000e+00, 4.5000e+01, 5.7000e+01, 1.5000e+01, 4.0000e+01, 2.1000e+01, 2.5000e+01, 6.0000e+00, 3.0000e+00, 4.7000e+01, 7.0800e+02, 2.9900e+02, 3.0000e+01, 1.8800e+02, 7.0000e+00, 0.0000e+00], [8.0000e+00, 0.0000e+00, 1.0000e+00, 0.0000e+00, 0.0000e+00, 0.0000e+00, 2.0000e+00, 1.0000e+00, 0.0000e+00, 2.9000e+01, 4.0000e+00, 0.0000e+00, 0.0000e+00, 2.0000e+00, 0.0000e+00, 1.0000e+01, 1.8300e+02, 0.0000e+00, 2.1000e+01, 0.0000e+00, 0.0000e+00], [1.7000e+01, 3.0000e+00, 2.0000e+00, 0.0000e+00, 0.0000e+00, 0.0000e+00, 8.0000e+00, 4.0000e+00, 1.1000e+01, 2.0000e+00, 1.0000e+00, 4.0000e+00, 0.0000e+00, 0.0000e+00, 1.6000e+01, 3.0000e+00, 1.0000e+00, 2.6300e+02, 5.0000e+00, 2.0000e+00, 0.0000e+00], [2.4000e+01, 3.0000e+00, 5.0000e+00, 1.0000e+00, 0.0000e+00, 2.0000e+00, 2.0000e+01, 1.5000e+01, 8.0000e+00, 1.8000e+01, 1.8000e+01, 2.0000e+00, 1.0000e+00, 3.0000e+00, 4.0000e+00, 6.8000e+01, 2.2000e+01, 1.2000e+01, 4.6300e+02, 6.0000e+00, 0.0000e+00], [2.0000e+00, 0.0000e+00, 2.0000e+00, 0.0000e+00, 0.0000e+00, 1.0000e+00, 7.0000e+00, 1.0000e+00, 1.0000e+00, 6.0000e+00, 0.0000e+00, 0.0000e+00, 0.0000e+00, 0.0000e+00, 2.0000e+01, 1.7000e+01, 5.0000e+00, 1.0000e+00, 4.0000e+00, 2.2100e+02, 0.0000e+00], [0.0000e+00, 0.0000e+00, 0.0000e+00, 0.0000e+00, 0.0000e+00, 0.0000e+00, 0.0000e+00, 0.0000e+00, 0.0000e+00, 0.0000e+00, 0.0000e+00, 0.0000e+00, 0.0000e+00, 0.0000e+00, 0.0000e+00, 0.0000e+00, 0.0000e+00, 0.0000e+00, 0.0000e+00, 0.0000e+00, 0.0000e+00]]

tensor([[6422.,  118.,  120.,   53.,   29.,   98.,  135.,  414.,  388.,  736.,
          203.,  964.,   75.,   25.,  187.,  128.,  342.,   82.,  203.,   55.,
            0.],
        [  43.,  203.,    3.,   12.,    1.,    0.,    6.,   15.,    1.,    0.,
            1.,    6.,    1.,    0.,    2.,   12.,    0.,    6.,    2.,    0.,
            0.],
        [ 161.,   19., 1153.,   25.,   16.,    9.,  104.,  225.,    9.,    7.,
           10.,   15.,    5.,    2.,   21.,   43.,   15.,   49.,   22.,    8.,
            0.],
        [  49.,   38.,   13.,  238.,    0.,    1.,    0.,    4.,    3.,    0.,
            1.,    6.,    0.,    0.,    2.,    7.,    1.,    2.,    2.,    0.,
            0.],
        [   1.,    0.,    0.,    0.,  120.,    0.,    5.,   10.,    5.,    0.,
            0.,    0.,    0.,    0.,    0.,    0.,    0.,    1.,    1.,    0.,
            0.],
        [  11.,    0.,   42.,    0.,    1.,  160.,   44.,   20.,    1.,    1.,
            0.,    0.,    0.,    0.,    1.,    1.,    0.,    0.,    0.,    1.,
            0.],
        [   3.,    0.,    0.,    0.,    2.,   13.,  164.,    4.,    0.,    1.,
            0.,    0.,    0.,    0.,    1.,    1.,    1.,    0.,    0.,    0.,
            0.],
        [   3.,    4.,   49.,    1.,   17.,    0.,   21.,  289.,   16.,    1.,
            0.,    0.,    0.,    1.,    5.,    5.,    2.,    0.,    9.,    1.,
            0.],
        [  18.,   17.,   11.,    4.,   25.,    1.,    9.,   40.,  231.,    9.,
           10.,    4.,   32.,    4.,    3.,    4.,    1.,    2.,    0.,    2.,
            0.],
        [   1.,    2.,    0.,    0.,    0.,    0.,    0.,    0.,    3.,  181.,
            6.,    0.,    3.,    3.,    1.,    0.,    0.,    0.,    0.,    2.,
            0.],
        [   1.,    0.,    0.,    0.,    0.,    0.,    0.,    1.,    2.,   41.,
          128.,    5.,    5.,   30.,    0.,    0.,    3.,    1.,    1.,    0.,
            0.],
        [  11.,    0.,    0.,    0.,    0.,    0.,    1.,    2.,    7.,    0.,
            4.,  137.,   23.,   82.,    1.,    3.,    0.,    0.,    1.,    0.,
            0.],
        [   1.,    0.,    0.,    0.,    0.,    0.,    0.,    3.,   12.,    3.,
           22.,    8.,  236.,   62.,    1.,    1.,    3.,    2.,    0.,    0.,
            0.],
        [   3.,    1.,    4.,    0.,    1.,    0.,    2.,    6.,   12.,    0.,
           14.,   45.,   83.,  194.,    0.,    3.,    0.,    3.,    0.,    1.,
            0.],
        [  65.,    3.,    4.,    7.,    0.,    6.,   19.,   12.,   17.,    7.,
            6.,    5.,    0.,    0.,  711.,   69.,    7.,   14.,   56.,    5.,
            0.],
        [ 207.,   22.,   31.,   10.,    9.,    1.,   45.,   57.,   15.,   40.,
           21.,   25.,    6.,    3.,   47.,  708.,  299.,   30.,  188.,    7.,
            0.],
        [   8.,    0.,    1.,    0.,    0.,    0.,    2.,    1.,    0.,   29.,
            4.,    0.,    0.,    2.,    0.,   10.,  183.,    0.,   21.,    0.,
            0.],
        [  17.,    3.,    2.,    0.,    0.,    0.,    8.,    4.,   11.,    2.,
            1.,    4.,    0.,    0.,   16.,    3.,    1.,  263.,    5.,    2.,
            0.],
        [  24.,    3.,    5.,    1.,    0.,    2.,   20.,   15.,    8.,   18.,
           18.,    2.,    1.,    3.,    4.,   68.,   22.,   12.,  463.,    6.,
            0.],
        [   2.,    0.,    2.,    0.,    0.,    1.,    7.,    1.,    1.,    6.,
            0.,    0.,    0.,    0.,   20.,   17.,    5.,    1.,    4.,  221.,
            0.],
        [   0.,    0.,    0.,    0.,    0.,    0.,    0.,    0.,    0.,    0.,
            0.,    0.,    0.,    0.,    0.,    0.,    0.,    0.,    0.,    0.,
            0.]])


[[0.5959, 0.0109, 0.0111, 0.0049, 0.0027, 0.0091, 0.0125, 0.0384, 0.0360, 0.0683, 0.0188, 0.0894, 0.0070, 0.0023, 0.0174, 0.0119, 0.0317, 0.0076, 0.0188, 0.0051, 0.0000],
[0.1369, 0.6465, 0.0096, 0.0382, 0.0032, 0.0000, 0.0191, 0.0478, 0.0032, 0.0000, 0.0032, 0.0191, 0.0032, 0.0000, 0.0064, 0.0382, 0.0000, 0.0191, 0.0064, 0.0000, 0.0000],
[0.0839, 0.0099, 0.6011, 0.0130, 0.0083, 0.0047, 0.0542, 0.1173, 0.0047, 0.0036, 0.0052, 0.0078, 0.0026, 0.0010, 0.0109, 0.0224, 0.0078, 0.0255, 0.0115, 0.0042, 0.0000],
[0.1335, 0.1035, 0.0354, 0.6485, 0.0000, 0.0027, 0.0000, 0.0109, 0.0082, 0.0000, 0.0027, 0.0163, 0.0000, 0.0000, 0.0054, 0.0191, 0.0027, 0.0054, 0.0054, 0.0000, 0.0000],
[0.0070, 0.0000, 0.0000, 0.0000, 0.8392, 0.0000, 0.0350, 0.0699, 0.0350, 0.0000, 0.0000, 0.0000, 0.0000, 0.0000, 0.0000, 0.0000, 0.0000, 0.0070, 0.0070, 0.0000, 0.0000],
[0.0389, 0.0000, 0.1484, 0.0000, 0.0035, 0.5654, 0.1555, 0.0707, 0.0035, 0.0035, 0.0000, 0.0000, 0.0000, 0.0000, 0.0035, 0.0035, 0.0000, 0.0000, 0.0000, 0.0035, 0.0000],
[0.0158, 0.0000, 0.0000, 0.0000, 0.0105, 0.0684, 0.8632, 0.0211, 0.0000, 0.0053, 0.0000, 0.0000, 0.0000, 0.0000, 0.0053, 0.0053, 0.0053, 0.0000, 0.0000, 0.0000, 0.0000],
[0.0071, 0.0094, 0.1156, 0.0024, 0.0401, 0.0000, 0.0495, 0.6816, 0.0377, 0.0024, 0.0000, 0.0000, 0.0000, 0.0024, 0.0118, 0.0118, 0.0047, 0.0000, 0.0212, 0.0024, 0.0000],
[0.0422, 0.0398, 0.0258, 0.0094, 0.0585, 0.0023, 0.0211, 0.0937, 0.5410, 0.0211, 0.0234, 0.0094, 0.0749, 0.0094, 0.0070, 0.0094, 0.0023, 0.0047, 0.0000, 0.0047, 0.0000],
[0.0050, 0.0099, 0.0000, 0.0000, 0.0000, 0.0000, 0.0000, 0.0000, 0.0149, 0.8960, 0.0297, 0.0000, 0.0149, 0.0149, 0.0050, 0.0000, 0.0000, 0.0000, 0.0000, 0.0099, 0.0000],
[0.0046, 0.0000, 0.0000, 0.0000, 0.0000, 0.0000, 0.0000, 0.0046, 0.0092, 0.1881, 0.5872, 0.0229, 0.0229, 0.1376, 0.0000, 0.0000, 0.0138, 0.0046, 0.0046, 0.0000, 0.0000],
[0.0404, 0.0000, 0.0000, 0.0000, 0.0000, 0.0000, 0.0037, 0.0074, 0.0257, 0.0000, 0.0147, 0.5037, 0.0846, 0.3015, 0.0037, 0.0110, 0.0000, 0.0000, 0.0037, 0.0000, 0.0000],
[0.0028, 0.0000, 0.0000, 0.0000, 0.0000, 0.0000, 0.0000, 0.0085, 0.0339, 0.0085, 0.0621, 0.0226, 0.6667, 0.1751, 0.0028, 0.0028, 0.0085, 0.0056, 0.0000, 0.0000, 0.0000],
[0.0081, 0.0027, 0.0108, 0.0000, 0.0027, 0.0000, 0.0054, 0.0161, 0.0323, 0.0000, 0.0376, 0.1210, 0.2231, 0.5215, 0.0000, 0.0081, 0.0000, 0.0081, 0.0000, 0.0027, 0.0000],
[0.0642, 0.0030, 0.0039, 0.0069, 0.0000, 0.0059, 0.0188, 0.0118, 0.0168, 0.0069, 0.0059, 0.0049, 0.0000, 0.0000, 0.7019, 0.0681, 0.0069, 0.0138, 0.0553, 0.0049, 0.0000],
[0.1169, 0.0124, 0.0175, 0.0056, 0.0051, 0.0006, 0.0254, 0.0322, 0.0085, 0.0226, 0.0119, 0.0141, 0.0034, 0.0017, 0.0265, 0.3998, 0.1688, 0.0169, 0.1062, 0.0040, 0.0000],
[0.0307, 0.0000, 0.0038, 0.0000, 0.0000, 0.0000, 0.0077, 0.0038, 0.0000, 0.1111, 0.0153, 0.0000, 0.0000, 0.0077, 0.0000, 0.0383, 0.7011, 0.0000, 0.0805, 0.0000, 0.0000],
[0.0497, 0.0088, 0.0058, 0.0000, 0.0000, 0.0000, 0.0234, 0.0117, 0.0322, 0.0058, 0.0029, 0.0117, 0.0000, 0.0000, 0.0468, 0.0088, 0.0029, 0.7690, 0.0146, 0.0058, 0.0000],
[0.0345, 0.0043, 0.0072, 0.0014, 0.0000, 0.0029, 0.0288, 0.0216, 0.0115, 0.0259, 0.0259, 0.0029, 0.0014, 0.0043, 0.0058, 0.0978, 0.0317, 0.0173, 0.6662, 0.0086, 0.0000],
[0.0069, 0.0000, 0.0069, 0.0000, 0.0000, 0.0035, 0.0243, 0.0035, 0.0035, 0.0208, 0.0000, 0.0000, 0.0000, 0.0000, 0.0694, 0.0590, 0.0174, 0.0035, 0.0139, 0.7674, 0.0000],
[   nan,    nan,    nan,    nan,    nan,    nan,    nan,    nan,    nan,    nan,    nan,    nan,    nan,    nan,    nan,    nan,    nan,    nan,    nan,    nan,    nan]]


tensor([ 0.8225, -0.3633,  0.1173, -0.8260, -0.8535, -0.1858,  0.4757, -0.8043,
        -1.1613,  2.2071, -0.1756,  0.8842, -0.4747, -0.4198, -1.0106, -0.0276,
         2.5942, -0.3976,  0.8110,  0.3897, -1.2591], device='cuda:0') gt: tensor(16, device='cuda:0') pred: tensor(16, device='cuda:0')

tensor([ 0.4812, -0.5668, -0.4998, -0.5069, -0.2459, -0.9905, -0.3609, -0.4872,
         1.8549,  1.2212,  0.7390,  0.0716, -0.4950,  0.3368, -0.6835,  0.7727,
         0.6091,  0.1620,  1.3374, -0.6329, -1.5302], device='cuda:0') gt: tensor(17, device='cuda:0') pred: tensor(8, device='cuda:0')




the top 10 neuron index and the respective occurrences for the top 3 activated neuron index for each class.
# for each bbox we save the top 3 activated neurons' index,
# aggregate these indices by class, we can obtain the times/occurrences of a neuron as the top 3 activated neurons for all the bboxes in each class.
# finally, for each class we can find out the most activated top 10 indices of the neuron which most frequently be activated(be the top activated)..



torch.return_types.topk(
values=tensor([[1403.,  926.,  761.,  603.,  561.,  504.,  481.,  406.,  392.,  348.],
        [ 153.,  105.,   92.,   83.,   66.,   37.,   16.,   14.,   14.,    9.],
        [ 255.,  225.,  216.,  206.,  205.,  161.,  130.,  125.,  118.,  115.],
        [ 240.,  225.,   88.,   39.,   33.,   24.,   22.,   20.,   17.,   16.],
        [ 109.,   93.,   91.,   14.,   12.,    8.,    8.,    7.,    6.,    6.],
        [ 140.,  106.,   92.,   56.,   44.,   37.,   27.,   21.,   19.,   17.],
        [ 129.,  107.,   48.,   41.,   37.,   21.,   13.,   10.,   10.,    7.],
        [ 261.,   90.,   55.,   46.,   45.,   44.,   35.,   34.,   34.,   29.],
        [  69.,   48.,   45.,   39.,   26.,   25.,   23.,   22.,   17.,   17.],
        [ 111.,  106.,   73.,   39.,   24.,   20.,   16.,   13.,   11.,    6.],
        [  24.,   18.,   17.,   15.,   14.,   13.,   13.,   12.,   12.,   12.],
        [ 108.,   91.,   89.,   77.,   31.,   30.,   19.,   16.,   10.,   10.],
        [ 192.,  129.,   54.,   47.,   41.,   36.,   36.,   31.,   29.,   26.],
        [ 170.,   75.,   46.,   45.,   39.,   30.,   17.,   15.,   15.,   15.],
        [ 162.,  162.,  151.,  149.,  118.,  112.,   90.,   80.,   61.,   57.],
        [ 448.,  258.,  245.,  183.,  110.,   95.,   82.,   71.,   67.,   46.],
        [ 118.,   71.,   58.,   30.,   24.,   18.,   17.,   14.,   14.,   14.],
        [ 151.,   83.,   81.,   38.,   32.,   31.,   26.,   16.,   14.,   10.],
        [ 149.,  124.,  108.,   56.,   52.,   46.,   38.,   33.,   32.,   31.],
        [ 168.,  103.,  101.,   75.,   64.,   46.,   22.,   20.,   15.,   10.],
        [   0.,    0.,    0.,    0.,    0.,    0.,    0.,    0.,    0.,    0.]]),
indices=tensor([[830, 645, 880, 981, 862, 795, 805, 416, 768, 602], 
[444, 671, 612, 665, 870, 880, 645, 872, 518, 537], 
[864, 817, 468, 656, 436, 536, 717, 569, 654, 734], 
[665, 670, 518, 535, 802, 671, 612, 575, 444, 788], 
[404, 895, 908, 812, 403, 744, 466, 871, 723, 856], 
[654, 874, 705, 829, 757, 675, 569, 779, 555, 864], 
[705, 547, 565, 829, 466, 820, 421, 874, 536, 654], 
[536, 814, 628, 871, 403, 978, 460, 554, 484, 408], 
[ 99, 134, 128,  98, 132, 978,  80, 143,  86, 460], 
[281, 285, 282, 284, 223, 287, 283, 224, 264, 195], 
[180, 227, 179, 245, 225, 209, 243, 171, 232, 207], 
[339, 354, 603, 345, 690, 730, 537, 351, 349, 346], 
[348, 349, 355, 350, 345, 354, 228, 222, 341, 342], 
[345, 690, 346, 339, 347, 354, 341, 350, 353, 223], 
[907, 737, 440, 680, 898, 860, 648, 899, 582, 804], 
[559, 532, 762, 765, 624, 831, 706, 598, 423, 830], 
[831, 750, 598, 564, 905, 785, 721, 797, 620, 834], 
[738, 706, 580, 883, 406, 532, 762, 582, 905, 548], 
[762, 532, 923, 624, 965, 963, 930, 526, 962, 582], 
[782, 851, 664, 527, 598, 548, 632, 480, 800, 651]]))


torch.unique(indices)  = torch.Size([153]) 
in 200 top indices only less than 50 are repeated.

indices=tensor([[830, 645, 880, 981, 862, 795, 805, 416, 768, 602], [444, 671, 612, 665, 870, 880, 645, 872, 518, 537], [864, 817, 468, 656, 436, 536, 717, 569, 654, 734], [665, 670, 518, 535, 802, 671, 612, 575, 444, 788], [404, 895, 908, 812, 403, 744, 466, 871, 723, 856], [654, 874, 705, 829, 757, 675, 569, 779, 555, 864], [705, 547, 565, 829, 466, 820, 421, 874, 536, 654], [536, 814, 628, 871, 403, 978, 460, 554, 484, 408], [ 99, 134, 128,  98, 132, 978,  80, 143,  86, 460], [281, 285, 282, 284, 223, 287, 283, 224, 264, 195], [180, 227, 179, 245, 225, 209, 243, 171, 232, 207], [339, 354, 603, 345, 690, 730, 537, 351, 349, 346], [348, 349, 355, 350, 345, 354, 228, 222, 341, 342], [345, 690, 346, 339, 347, 354, 341, 350, 353, 223], [907, 737, 440, 680, 898, 860, 648, 899, 582, 804], [559, 532, 762, 765, 624, 831, 706, 598, 423, 830], [831, 750, 598, 564, 905, 785, 721, 797, 620, 834], [738, 706, 580, 883, 406, 532, 762, 582, 905, 548], [762, 532, 923, 624, 965, 963, 930, 526, 962, 582], [782, 851, 664, 527, 598, 548, 632, 480, 800, 651]]))


I repeat the experiments multiple times and find that the top 10 index for each classes do not change, even though the performance change in each experiment.


tensor([[5.4890e+03, 1.9500e+02, 1.2700e+02, 7.7000e+01, 1.0400e+02, 1.4200e+02,
         2.5000e+01, 1.1620e+03, 3.9200e+02, 2.4800e+02, 1.0430e+03, 3.8000e+02,
         1.6400e+02, 1.7700e+02, 1.1500e+02, 2.2700e+02, 4.5600e+02, 7.2000e+01,
         1.2500e+02, 5.7000e+01, 0.0000e+00],
        [3.1000e+01, 2.0700e+02, 3.0000e+00, 5.0000e+00, 5.0000e+00, 3.0000e+00,
         2.0000e+00, 6.0000e+00, 1.3000e+01, 0.0000e+00, 3.0000e+00, 3.0000e+00,
         2.0000e+00, 0.0000e+00, 1.0000e+00, 2.2000e+01, 1.0000e+00, 6.0000e+00,
         0.0000e+00, 1.0000e+00, 0.0000e+00],
        [1.6900e+02, 2.8000e+01, 1.0400e+03, 7.0000e+00, 1.1100e+02, 1.3000e+02,
         1.6000e+01, 1.5700e+02, 2.8000e+01, 1.0000e+00, 3.2000e+01, 7.0000e+00,
         6.0000e+00, 1.1000e+01, 1.7000e+01, 7.3000e+01, 2.4000e+01, 2.7000e+01,
         7.0000e+00, 2.7000e+01, 0.0000e+00],
        [5.2000e+01, 8.0000e+01, 1.0000e+01, 1.7400e+02, 0.0000e+00, 5.0000e+00,
         0.0000e+00, 4.0000e+00, 4.0000e+00, 0.0000e+00, 8.0000e+00, 3.0000e+00,
         1.0000e+00, 1.0000e+00, 0.0000e+00, 2.2000e+01, 3.0000e+00, 0.0000e+00,
         0.0000e+00, 0.0000e+00, 0.0000e+00],
        [1.0000e+00, 0.0000e+00, 0.0000e+00, 0.0000e+00, 1.2700e+02, 2.0000e+00,
         3.0000e+00, 4.0000e+00, 6.0000e+00, 0.0000e+00, 0.0000e+00, 0.0000e+00,
         0.0000e+00, 0.0000e+00, 0.0000e+00, 0.0000e+00, 0.0000e+00, 0.0000e+00,
         0.0000e+00, 0.0000e+00, 0.0000e+00],
        [8.0000e+00, 0.0000e+00, 1.5000e+01, 1.0000e+00, 6.0000e+00, 2.2800e+02,
         2.0000e+00, 9.0000e+00, 0.0000e+00, 0.0000e+00, 0.0000e+00, 0.0000e+00,
         0.0000e+00, 0.0000e+00, 2.0000e+00, 3.0000e+00, 4.0000e+00, 0.0000e+00,
         0.0000e+00, 5.0000e+00, 0.0000e+00],
        [1.0000e+00, 0.0000e+00, 1.0000e+00, 0.0000e+00, 3.0000e+00, 1.0100e+02,
         6.9000e+01, 0.0000e+00, 0.0000e+00, 0.0000e+00, 0.0000e+00, 0.0000e+00,
         0.0000e+00, 0.0000e+00, 1.0000e+00, 1.0000e+00, 7.0000e+00, 1.0000e+00,
        0.0000e+00, 5.0000e+00, 0.0000e+00],
        [1.4000e+01, 2.0000e+00, 1.5000e+01, 0.0000e+00, 7.7000e+01, 2.0000e+01,
         3.0000e+00, 2.5000e+02, 1.3000e+01, 0.0000e+00, 2.0000e+00, 0.0000e+00,
         2.0000e+00, 1.0000e+00, 7.0000e+00, 1.1000e+01, 1.0000e+00, 2.0000e+00,
         2.0000e+00, 2.0000e+00, 0.0000e+00],
        [1.4000e+01, 1.3000e+01, 2.0000e+00, 0.0000e+00, 1.6000e+01, 1.0000e+00,
         5.0000e+00, 4.1000e+01, 2.3000e+02, 3.0000e+00, 2.3000e+01, 2.0000e+00,
         4.9000e+01, 1.1000e+01, 4.0000e+00, 4.0000e+00, 3.0000e+00, 4.0000e+00,
         0.0000e+00, 2.0000e+00, 0.0000e+00],
        [1.0000e+00, 0.0000e+00, 0.0000e+00, 0.0000e+00, 0.0000e+00, 0.0000e+00,
         0.0000e+00, 0.0000e+00, 1.0000e+00, 1.7400e+02, 3.0000e+00, 0.0000e+00,
         4.0000e+00, 5.0000e+00, 1.0000e+00, 0.0000e+00, 1.1000e+01, 2.0000e+00,
         0.0000e+00, 0.0000e+00, 0.0000e+00],
        [1.0000e+00, 0.0000e+00, 0.0000e+00, 0.0000e+00, 2.0000e+00, 0.0000e+00,
         0.0000e+00, 0.0000e+00, 4.0000e+00, 1.9000e+01, 9.7000e+01, 1.0000e+00,
         1.4000e+01, 6.1000e+01, 0.0000e+00, 0.0000e+00, 1.9000e+01, 0.0000e+00,
         0.0000e+00, 0.0000e+00, 0.0000e+00],
        [1.2000e+01, 2.0000e+00, 0.0000e+00, 1.0000e+00, 0.0000e+00, 1.0000e+00,
         0.0000e+00, 5.0000e+00, 1.0000e+00, 0.0000e+00, 1.7000e+01, 4.8000e+01,
         4.3000e+01, 1.3400e+02, 0.0000e+00, 8.0000e+00, 0.0000e+00, 0.0000e+00,
         0.0000e+00, 0.0000e+00, 0.0000e+00],
        [0.0000e+00, 1.0000e+00, 1.0000e+00, 0.0000e+00, 1.0000e+00, 0.0000e+00,
         0.0000e+00, 2.0000e+00, 6.0000e+00, 2.0000e+00, 1.0000e+01, 2.0000e+00,
         2.8100e+02, 4.1000e+01, 2.0000e+00, 0.0000e+00, 4.0000e+00, 1.0000e+00,
         0.0000e+00, 0.0000e+00, 0.0000e+00],
        [1.0000e+00, 0.0000e+00, 2.0000e+00, 0.0000e+00, 4.0000e+00, 2.0000e+00,
         0.0000e+00, 6.0000e+00, 6.0000e+00, 0.0000e+00, 1.8000e+01, 7.0000e+00,
         1.1600e+02, 2.0200e+02, 1.0000e+00, 3.0000e+00, 3.0000e+00, 1.0000e+00,
         0.0000e+00, 0.0000e+00, 0.0000e+00],
        [9.0000e+01, 3.0000e+00, 3.0000e+00, 0.0000e+00, 0.0000e+00, 6.0000e+00,
         2.0000e+00, 2.0000e+00, 2.5000e+01, 5.0000e+00, 1.5000e+01, 1.0000e+00,
         0.0000e+00, 0.0000e+00, 7.3600e+02, 6.7000e+01, 1.3000e+01, 3.0000e+00,
         2.8000e+01, 1.4000e+01, 0.0000e+00],
        [2.4000e+02, 3.3000e+01, 8.0000e+00, 0.0000e+00, 1.2000e+01, 1.4000e+01,
         6.0000e+00, 6.0000e+01, 2.8000e+01, 2.4000e+01, 6.3000e+01, 1.1000e+01,
         1.6000e+01, 4.0000e+00, 6.5000e+01, 6.1000e+02, 3.8500e+02, 4.0000e+01,
         1.2100e+02, 3.1000e+01, 0.0000e+00],
        [1.0000e+01, 0.0000e+00, 0.0000e+00, 0.0000e+00, 0.0000e+00, 0.0000e+00,
         0.0000e+00, 0.0000e+00, 1.0000e+00, 1.0000e+01, 2.0000e+00, 0.0000e+00,
         1.0000e+00, 1.0000e+00, 1.0000e+00, 1.1000e+01, 2.2000e+02, 1.0000e+00,
         1.0000e+00, 2.0000e+00, 0.0000e+00],
        [9.0000e+00, 6.0000e+00, 3.0000e+00, 0.0000e+00, 0.0000e+00, 0.0000e+00,
         1.0000e+00, 0.0000e+00, 2.8000e+01, 3.0000e+00, 2.0000e+00, 1.0000e+00,
         1.0000e+00, 0.0000e+00, 1.3000e+01, 2.3000e+01, 1.0000e+00, 2.4200e+02,
         5.0000e+00, 4.0000e+00, 0.0000e+00],
        [5.2000e+01, 7.0000e+00, 1.0000e+00, 0.0000e+00, 4.0000e+00, 4.0000e+00,
         3.0000e+00, 1.2000e+01, 6.0000e+00, 1.2000e+01, 3.0000e+00, 0.0000e+00,
         2.0000e+00, 4.0000e+00, 3.8000e+01, 8.6000e+01, 8.1000e+01, 1.4000e+01,
         3.5600e+02, 1.0000e+01, 0.0000e+00],
        [6.0000e+00, 0.0000e+00, 1.0000e+00, 0.0000e+00, 3.0000e+00, 3.0000e+00,
         0.0000e+00, 0.0000e+00, 0.0000e+00, 5.0000e+00, 0.0000e+00, 0.0000e+00,
         0.0000e+00, 0.0000e+00, 3.0000e+00, 6.0000e+00, 2.6000e+01, 0.0000e+00,
         1.0000e+00, 2.3400e+02, 0.0000e+00],
        [0.0000e+00, 0.0000e+00, 0.0000e+00, 0.0000e+00, 0.0000e+00, 0.0000e+00,
         0.0000e+00, 0.0000e+00, 0.0000e+00, 0.0000e+00, 0.0000e+00, 0.0000e+00,
         0.0000e+00, 0.0000e+00, 0.0000e+00, 0.0000e+00, 0.0000e+00, 0.0000e+00,
         0.0000e+00, 0.0000e+00, 0.0000e+00]])



[1, 2, 3, 4, 5, 6, 7, 9, 16, 17, 18, 19, 20, 21, 44, 62, 63, 64, 67, 72]
['person', 'bicycle', 'car', 'motorcycle', 'airplane', 'bus', 'train', 'boat', 'bird', 'cat', 'dog', 'horse', 'sheep', 'cow', 'bottle', 'chair', 'couch', 'potted plant', 'dining table', 'tv']

tensor([[9.0130e+03, 6.0000e+00, 1.0700e+02, 0.0000e+00, 1.4000e+01, 4.5000e+01,6.2000e+01, 1.2000e+02, 3.1900e+02, 1.3700e+02, 5.1000e+01, 2.3000e+01,4.1000e+01, 1.4800e+02, 8.3000e+01, 2.4000e+01, 3.9700e+02, 4.5000e+01,1.0000e+01, 1.3200e+02, 0.0000e+00],[1.3900e+02, 1.3600e+02, 6.0000e+00, 3.0000e+00, 2.0000e+00, 0.0000e+00,5.0000e+00, 7.0000e+00, 2.0000e+00, 0.0000e+00, 0.0000e+00, 0.0000e+00,0.0000e+00, 3.0000e+00, 0.0000e+00, 6.0000e+00, 1.0000e+00, 4.0000e+00,0.0000e+00, 0.0000e+00, 0.0000e+00],[4.9300e+02, 1.0000e+00, 1.2160e+03, 2.0000e+00, 6.0000e+00, 4.0000e+00,2.4000e+01, 6.3000e+01, 1.1000e+01, 0.0000e+00, 4.0000e+00, 0.0000e+00,0.0000e+00, 6.0000e+00, 6.0000e+00, 1.4000e+01, 1.0000e+01, 2.4000e+01,0.0000e+00, 3.4000e+01, 0.0000e+00],[2.3500e+02, 8.0000e+00, 3.8000e+01, 7.7000e+01, 0.0000e+00, 0.0000e+00,1.0000e+00, 0.0000e+00, 1.0000e+00, 0.0000e+00, 1.0000e+00, 0.0000e+00,0.0000e+00, 1.0000e+00, 0.0000e+00, 0.0000e+00, 4.0000e+00, 0.0000e+00,1.0000e+00, 0.0000e+00, 0.0000e+00],[8.0000e+00, 0.0000e+00, 3.0000e+00, 0.0000e+00, 1.2000e+02, 0.0000e+00,7.0000e+00, 2.0000e+00, 3.0000e+00, 0.0000e+00, 0.0000e+00, 0.0000e+00,0.0000e+00, 0.0000e+00, 0.0000e+00, 0.0000e+00, 0.0000e+00, 0.0000e+00,0.0000e+00, 0.0000e+00, 0.0000e+00],[3.7000e+01, 0.0000e+00, 6.8000e+01, 0.0000e+00, 1.0000e+00, 1.5500e+02,1.6000e+01, 2.0000e+00, 0.0000e+00, 0.0000e+00, 0.0000e+00, 0.0000e+00,0.0000e+00, 0.0000e+00, 1.0000e+00, 0.0000e+00, 0.0000e+00, 0.0000e+00,0.0000e+00, 3.0000e+00, 0.0000e+00],[1.2000e+01, 0.0000e+00, 6.0000e+00, 0.0000e+00, 0.0000e+00, 4.3000e+01,1.2000e+02, 4.0000e+00, 0.0000e+00, 0.0000e+00, 0.0000e+00, 0.0000e+00,0.0000e+00, 1.0000e+00, 0.0000e+00, 0.0000e+00, 1.0000e+00, 0.0000e+00,0.0000e+00, 3.0000e+00, 0.0000e+00],[7.9000e+01, 0.0000e+00, 9.7000e+01, 0.0000e+00, 1.6000e+01, 7.0000e+00,1.9000e+01, 1.6000e+02, 2.7000e+01, 0.0000e+00, 0.0000e+00, 0.0000e+00,0.0000e+00, 4.0000e+00, 2.0000e+00, 5.0000e+00, 3.0000e+00, 2.0000e+00,3.0000e+00, 0.0000e+00, 0.0000e+00],[1.3400e+02, 3.0000e+00, 8.0000e+00, 0.0000e+00, 1.3000e+01, 0.0000e+00,1.2000e+01, 1.0000e+00, 1.9100e+02, 2.0000e+00, 1.0000e+00, 0.0000e+00,3.8000e+01, 1.4000e+01, 1.0000e+00, 2.0000e+00, 3.0000e+00, 2.0000e+00,0.0000e+00, 2.0000e+00, 0.0000e+00],[3.1000e+01, 1.0000e+00, 0.0000e+00, 0.0000e+00, 0.0000e+00, 0.0000e+00,0.0000e+00, 0.0000e+00, 3.0000e+00, 1.3100e+02, 2.0000e+00, 0.0000e+00,6.0000e+00, 2.0000e+01, 0.0000e+00, 0.0000e+00, 5.0000e+00, 1.0000e+00,0.0000e+00, 2.0000e+00, 0.0000e+00],[1.7000e+01, 0.0000e+00, 0.0000e+00, 0.0000e+00, 0.0000e+00, 0.0000e+00,0.0000e+00, 0.0000e+00, 1.0000e+00, 2.4000e+01, 4.6000e+01, 0.0000e+00,4.5000e+01, 7.7000e+01, 0.0000e+00, 0.0000e+00, 6.0000e+00, 0.0000e+00,0.0000e+00, 2.0000e+00, 0.0000e+00],[2.8000e+01, 0.0000e+00, 0.0000e+00, 0.0000e+00, 0.0000e+00, 0.0000e+00,1.0000e+00, 1.0000e+00, 5.0000e+00, 0.0000e+00, 0.0000e+00, 3.0000e+00,2.5000e+01, 2.0800e+02, 0.0000e+00, 1.0000e+00, 0.0000e+00, 0.0000e+00,0.0000e+00, 0.0000e+00, 0.0000e+00],[1.2000e+01, 1.0000e+00, 0.0000e+00, 0.0000e+00, 1.0000e+00, 0.0000e+00,0.0000e+00, 1.0000e+00, 1.1000e+01, 2.0000e+00, 9.0000e+00, 2.0000e+00,2.5000e+02, 5.4000e+01, 0.0000e+00, 0.0000e+00, 9.0000e+00, 2.0000e+00,0.0000e+00, 0.0000e+00, 0.0000e+00],[3.4000e+01, 0.0000e+00, 0.0000e+00, 0.0000e+00, 1.0000e+00, 0.0000e+00,1.0000e+00, 0.0000e+00, 2.0000e+01, 0.0000e+00, 0.0000e+00, 3.0000e+00,6.3000e+01, 2.4500e+02, 0.0000e+00, 2.0000e+00, 0.0000e+00, 2.0000e+00,0.0000e+00, 1.0000e+00, 0.0000e+00],[3.8800e+02, 0.0000e+00, 4.0000e+00, 0.0000e+00, 0.0000e+00, 1.0000e+00,9.0000e+00, 0.0000e+00, 7.0000e+00, 0.0000e+00, 4.0000e+00, 0.0000e+00,0.0000e+00, 1.0000e+00, 5.5200e+02, 1.4000e+01, 3.0000e+00, 5.0000e+00,9.0000e+00, 1.6000e+01, 0.0000e+00],[6.4900e+02, 1.0000e+00, 7.4000e+01, 0.0000e+00, 3.0000e+00, 6.0000e+00,4.3000e+01, 3.5000e+01, 3.0000e+00, 5.0000e+00, 6.0000e+00, 4.0000e+00,1.1000e+01, 2.4000e+01, 2.0000e+01, 3.3100e+02, 4.3500e+02, 2.1000e+01,6.5000e+01, 3.5000e+01, 0.0000e+00],[2.2000e+01, 0.0000e+00, 0.0000e+00, 0.0000e+00, 0.0000e+00, 0.0000e+00,1.0000e+00, 0.0000e+00, 0.0000e+00, 7.0000e+00, 0.0000e+00, 0.0000e+00,0.0000e+00, 4.0000e+00, 0.0000e+00, 4.0000e+00, 2.2100e+02, 0.0000e+00,2.0000e+00, 0.0000e+00, 0.0000e+00],[5.7000e+01, 0.0000e+00, 3.0000e+00, 0.0000e+00, 0.0000e+00, 0.0000e+00,2.0000e+00, 0.0000e+00, 2.0000e+00, 0.0000e+00, 1.0000e+00, 0.0000e+00,0.0000e+00, 0.0000e+00, 4.0000e+00, 1.0000e+00, 3.0000e+00, 2.6400e+02,0.0000e+00, 5.0000e+00, 0.0000e+00],[1.5100e+02, 2.0000e+00, 1.1000e+01, 0.0000e+00, 1.0000e+00, 0.0000e+00,1.5000e+01, 1.4000e+01, 2.0000e+00, 3.0000e+00, 2.0000e+00, 0.0000e+00,2.0000e+00, 1.9000e+01, 2.0000e+00, 4.2000e+01, 9.3000e+01, 9.0000e+00,3.1500e+02, 1.2000e+01, 0.0000e+00],[2.1000e+01, 0.0000e+00, 0.0000e+00, 0.0000e+00, 0.0000e+00, 1.0000e+00,0.0000e+00, 0.0000e+00, 1.0000e+00, 3.0000e+00, 0.0000e+00, 0.0000e+00,0.0000e+00, 1.0000e+00, 2.0000e+00, 2.0000e+00, 5.0000e+00, 0.0000e+00,0.0000e+00, 2.5200e+02, 0.0000e+00],[0.0000e+00, 0.0000e+00, 0.0000e+00, 0.0000e+00, 0.0000e+00, 0.0000e+00,0.0000e+00, 0.0000e+00, 0.0000e+00, 0.0000e+00, 0.0000e+00, 0.0000e+00,0.0000e+00, 0.0000e+00, 0.0000e+00, 0.0000e+00, 0.0000e+00, 0.0000e+00,0.0000e+00, 0.0000e+00, 0.0000e+00]])

tensor([[9013.,    6.,  107.,    0.,   14.,   45.,   62.,  120.,  319.,  137.,   51.,   23.,   41.,  148.,   83.,   24.,  397.,   45.,   10.,  132.,0.],
        [ 139.,  136.,    6.,    3.,    2.,    0.,    5.,    7.,    2.,    0.,    0.,    0.,    0.,    3.,    0.,    6.,    1.,    4.,    0.,    0.,0.],
        [ 493.,    1., 1216.,    2.,    6.,    4.,   24.,   63.,   11.,    0.,    4.,    0.,    0.,    6.,    6.,   14.,   10.,   24.,    0.,   34.,0.],
        [ 235.,    8.,   38.,   77.,    0.,    0.,    1.,    0.,    1.,    0.,    1.,    0.,    0.,    1.,    0.,    0.,    4.,    0.,    1.,    0.,0.],
        [   8.,    0.,    3.,    0.,  120.,    0.,    7.,    2.,    3.,    0.,    0.,    0.,    0.,    0.,    0.,    0.,    0.,    0.,    0.,    0.,0.],
        [  37.,    0.,   68.,    0.,    1.,  155.,   16.,    2.,    0.,    0.,    0.,    0.,    0.,    0.,    1.,    0.,    0.,    0.,    0.,    3.,0.],
        [  12.,    0.,    6.,    0.,    0.,   43.,  120.,    4.,    0.,    0.,    0.,    0.,    0.,    1.,    0.,    0.,    1.,    0.,    0.,    3.,0.],
        [  79.,    0.,   97.,    0.,   16.,    7.,   19.,  160.,   27.,    0.,    0.,    0.,    0.,    4.,    2.,    5.,    3.,    2.,    3.,    0.,0.],
        [ 134.,    3.,    8.,    0.,   13.,    0.,   12.,    1.,  191.,    2.,    1.,    0.,   38.,   14.,    1.,    2.,    3.,    2.,    0.,    2.,0.],
        [  31.,    1.,    0.,    0.,    0.,    0.,    0.,    0.,    3.,  131.,    2.,    0.,    6.,   20.,    0.,    0.,    5.,    1.,    0.,    2.,0.],
        [  17.,    0.,    0.,    0.,    0.,    0.,    0.,    0.,    1.,   24.,   46.,    0.,   45.,   77.,    0.,    0.,    6.,    0.,    0.,    2.,0.],
        [  28.,    0.,    0.,    0.,    0.,    0.,    1.,    1.,    5.,    0.,    0.,    3.,   25.,  208.,    0.,    1.,    0.,    0.,    0.,    0.,0.],
        [  12.,    1.,    0.,    0.,    1.,    0.,    0.,    1.,   11.,    2.,    9.,    2.,  250.,   54.,    0.,    0.,    9.,    2.,    0.,    0.,0.],
        [  34.,    0.,    0.,    0.,    1.,    0.,    1.,    0.,   20.,    0.,    0.,    3.,   63.,  245.,    0.,    2.,    0.,    2.,    0.,    1.,0.],
        [ 388.,    0.,    4.,    0.,    0.,    1.,    9.,    0.,    7.,    0.,    4.,    0.,    0.,    1.,  552.,   14.,    3.,    5.,    9.,   16.,0.],
        [ 649.,    1.,   74.,    0.,    3.,    6.,   43.,   35.,    3.,    5.,    6.,    4.,   11.,   24.,   20.,  331.,  435.,   21.,   65.,   35.,0.],
        [  22.,    0.,    0.,    0.,    0.,    0.,    1.,    0.,    0.,    7.,    0.,    0.,    0.,    4.,    0.,    4.,  221.,    0.,    2.,    0.,0.],
        [  57.,    0.,    3.,    0.,    0.,    0.,    2.,    0.,    2.,    0.,    1.,    0.,    0.,    0.,    4.,    1.,    3.,  264.,    0.,    5.,0.],
        [ 151.,    2.,   11.,    0.,    1.,    0.,   15.,   14.,    2.,    3.,    2.,    0.,    2.,   19.,    2.,   42.,   93.,    9.,  315.,   12.,0.],
        [  21.,    0.,    0.,    0.,    0.,    1.,    0.,    0.,    1.,    3.,    0.,    0.,    0.,    1.,    2.,    2.,    5.,    0.,    0.,  252.,0.],
        [   0.,    0.,    0.,    0.,    0.,    0.,    0.,    0.,    0.,    0.,    0.,    0.,    0.,    0.,    0.,    0.,    0.,    0.,    0.,    0.,0.]])